{
  "advancedEditorSelectedIdentifier" : "ProjectBrowser",
  "openSceneRelativePaths" : [
    "Immersive.usda"
  ],
  "recentIdentifiers" : {

  },
  "sceneCameraHistory" : {
    "AF09ED6F-1707-48FD-8720-65B998362C09" : [
      {
        "date" : 750787791.161293,
        "title" : "Untitled",
        "transform" : [
          0.9603014,
          -1.2289694e-09,
          0.27896437,
          0,
          0.02738337,
          0.99517053,
          -0.09426399,
          0,
          -0.27761713,
          0.09816082,
          0.9556637,
          0,
          -0.21063566,
          0.92913604,
          -0.48563576,
          1
        ]
      },
      {
        "date" : 750787786.470986,
        "title" : "Untitled",
        "transform" : [
          0.37117973,
          -1.611637e-09,
          0.92856103,
          0,
          0.17481218,
          0.98211896,
          -0.06987881,
          0,
          -0.9119574,
          0.18826136,
          0.36454266,
          0,
          -2.7989535,
          0.8065438,
          -1.7844568,
          1
        ]
      },
      {
        "date" : 750787782.882529,
        "title" : "Untitled",
        "transform" : [
          0.37117973,
          -1.611637e-09,
          0.92856103,
          0,
          0.17481218,
          0.98211896,
          -0.06987881,
          0,
          -0.9119574,
          0.18826136,
          0.36454266,
          0,
          -3.0314744,
          0.80654454,
          -2.3661418,
          1
        ]
      },
      {
        "date" : 750787776.694635,
        "title" : "Untitled",
        "transform" : [
          0.37117973,
          -1.611637e-09,
          0.92856103,
          0,
          0.17481218,
          0.98211896,
          -0.06987881,
          0,
          -0.9119574,
          0.18826136,
          0.36454266,
          0,
          -3.4371078,
          1.4354906,
          -3.7057023,
          1
        ]
      },
      {
        "date" : 750787772.277848,
        "title" : "Untitled",
        "transform" : [
          0.37117973,
          -1.611637e-09,
          0.92856103,
          0,
          0.17481218,
          0.98211896,
          -0.06987881,
          0,
          -0.9119574,
          0.18826136,
          0.36454266,
          0,
          -3.5033123,
          1.178081,
          -3.6792383,
          1
        ]
      },
      {
        "date" : 750787769.589107,
        "title" : "Untitled",
        "transform" : [
          0.9997729,
          -1.0501646e-09,
          -0.021307813,
          0,
          -0.0016162259,
          0.9971191,
          -0.07583417,
          0,
          0.021246428,
          0.07585138,
          0.99689275,
          0,
          -0.8857667,
          0.7851368,
          -0.494726,
          1
        ]
      },
      {
        "date" : 750787761.02252,
        "title" : "Untitled",
        "transform" : [
          1,
          0,
          0,
          0,
          0,
          0.86602426,
          -0.500002,
          0,
          0,
          0.500002,
          0.86602426,
          0,
          0.23623288,
          4.5583467,
          3.8457165,
          1
        ]
      },
      {
        "date" : 750787749.912145,
        "title" : "Untitled",
        "transform" : [
          1,
          0,
          0,
          0,
          0,
          0.86602426,
          -0.500002,
          0,
          0,
          0.500002,
          0.86602426,
          0,
          0.2794026,
          6.141204,
          2.9318485,
          1
        ]
      },
      {
        "date" : 750787328.408562,
        "title" : "Untitled",
        "transform" : [
          1,
          0,
          0,
          0,
          0,
          0.86602426,
          -0.500002,
          0,
          0,
          0.500002,
          0.86602426,
          0,
          -0.80416214,
          9.787552,
          0.8266163,
          1
        ]
      },
      {
        "date" : 750787324.758571,
        "title" : "Untitled",
        "transform" : [
          1,
          0,
          0,
          0,
          0,
          0.86602426,
          -0.500002,
          0,
          0,
          0.500002,
          0.86602426,
          0,
          -0.64939415,
          8.952074,
          1.3089824,
          1
        ]
      }
    ]
  }
}